J0437-4715 1.63923e-05 -5.36765e-05 -6.06107e-05 
J0613-0200 -1.12493e-06 6.09813e-06 5.57143e-06 
J0711-6830 1.50156e-05 -1.22562e-05 -1.08798e-05 
J1017-7156 1.05812e-05 -7.23392e-06 -1.75568e-06 
J1022+1001 2.39735e-05 -5.07647e-05 1.67456e-05 
J1024-0719 -3.24605e-06 1.15533e-05 -2.63966e-07 
J1045-4509 5.70232e-05 -3.17622e-05 -9.56774e-06 
J1446-4701 9.87264e-06 -1.52964e-05 -7.2539e-07 
J1545-4550 -4.6291e-06 -5.89863e-06 3.07491e-05 
J1600-3053 -2.33557e-06 2.81366e-05 -5.71895e-07 
J1603-7202 -1.77354e-06 -1.56275e-05 2.59076e-05 
J1643-1224 5.21718e-05 2.03448e-06 6.10928e-05 
J1713+0747 -2.18272e-05 1.62716e-05 2.45021e-06 
J1730-2304 -3.59315e-06 -5.45424e-05 1.1254e-05 
J1744-1134 -1.0182e-05 -2.2691e-05 -1.2085e-07 
J1824-2452A 2.98411e-06 -9.10127e-07 -1.91965e-06 
J1832-0836 -9.74309e-08 1.87337e-08 6.69182e-08 
J1857+0943 -6.62126e-06 -3.31756e-05 1.07914e-05 
J1909-3744 -2.16005e-06 -5.65961e-06 9.54165e-07 
J1939+2134 6.41042e-06 4.45355e-06 8.67148e-08 
J2124-3358 2.81771e-05 5.06624e-05 -4.81021e-06 
J2129-5721 -3.23323e-05 2.62384e-05 5.03732e-05 
J2145-0750 -4.72345e-05 -2.73679e-05 -1.87093e-05 
J2241-5236 -7.82013e-08 4.66067e-06 8.44494e-07 
