J0437-4715 -1.11336e-07 -5.29534e-06 -6.71731e-06 
J0613-0200 -9.79479e-07 1.09307e-07 1.2133e-05 
J0711-6830 -6.11457e-06 -6.42117e-06 -9.01666e-06 
J1017-7156 7.68014e-06 1.11363e-05 -1.38684e-05 
J1022+1001 -2.01876e-05 4.80092e-05 2.05309e-05 
J1024-0719 -1.3774e-05 1.27601e-06 2.40662e-06 
J1045-4509 6.76004e-05 5.54772e-05 -9.79191e-06 
J1446-4701 -2.06376e-06 5.66199e-06 -3.61716e-06 
J1545-4550 -4.00941e-06 -5.22218e-06 -4.74941e-06 
J1600-3053 3.1063e-06 -9.28185e-06 2.83511e-06 
J1603-7202 2.96239e-05 1.04096e-06 -3.11392e-05 
J1643-1224 2.77988e-07 -1.48915e-05 2.95853e-05 
J1713+0747 -2.40159e-07 -1.45243e-06 -3.61859e-06 
J1730-2304 2.28052e-05 -1.97374e-06 3.84721e-05 
J1744-1134 -1.40369e-05 -4.1245e-06 2.62594e-07 
J1824-2452A 3.54844e-06 4.63085e-06 -8.00373e-07 
J1832-0836 -8.0962e-09 -6.08428e-08 2.01503e-07 
J1857+0943 -9.91926e-06 -2.14145e-06 6.50911e-06 
J1909-3744 -5.82879e-07 -2.22538e-06 -4.29601e-07 
J1939+2134 -4.27274e-06 -7.56051e-06 -4.3383e-07 
J2124-3358 -3.63147e-05 -3.63133e-05 -6.37301e-06 
J2129-5721 -2.00603e-05 7.14774e-06 -1.00998e-05 
J2145-0750 -6.25768e-06 -6.38654e-07 1.71158e-05 
J2241-5236 -1.94789e-06 -7.75829e-07 5.50113e-06 
