J0437-4715 1.41436e-06 -3.29801e-05 -2.42908e-05 
J0613-0200 -8.6666e-06 6.60541e-06 4.47323e-06 
J0711-6830 1.0246e-05 -6.27127e-06 -8.32197e-06 
J1017-7156 -5.15868e-06 1.36337e-05 -2.93516e-06 
J1022+1001 -4.98363e-05 -1.31091e-05 2.07681e-05 
J1024-0719 -5.43057e-06 3.72049e-06 -1.82567e-08 
J1045-4509 7.66951e-06 6.3477e-05 -2.18279e-05 
J1446-4701 1.35035e-06 1.69687e-05 3.437e-08 
J1545-4550 -3.68543e-06 -1.25058e-05 1.30862e-06 
J1600-3053 -5.84309e-06 -2.28123e-05 3.06028e-06 
J1603-7202 -1.554e-05 2.15328e-05 -1.07088e-05 
J1643-1224 8.5753e-06 -4.07603e-05 3.42034e-05 
J1713+0747 -1.54023e-07 3.21113e-07 1.02189e-06 
J1730-2304 2.77326e-05 -2.18693e-05 1.71438e-05 
J1744-1134 -1.76168e-05 -1.26216e-05 -5.95914e-08 
J1824-2452A 2.94893e-06 2.60285e-06 -6.96806e-07 
J1832-0836 -3.22631e-06 -7.39634e-07 -2.24999e-07 
J1857+0943 -1.61787e-06 -2.03881e-05 1.29061e-05 
J1909-3744 -4.72088e-07 -4.37988e-06 -7.19772e-08 
J1939+2134 3.21463e-07 -8.86722e-06 -7.30983e-08 
J2124-3358 9.91899e-06 2.0408e-05 -4.18824e-06 
J2129-5721 -3.00763e-05 -1.08488e-05 3.17511e-05 
J2145-0750 -2.70709e-05 -1.15933e-05 9.30169e-07 
J2241-5236 1.16818e-06 -2.51597e-06 3.13124e-06 
